Name: RAL Design	
Description: RAL design colors	
38  38  38	RAL 000 15 00
48  48  48	RAL 000 20 00
59  59  59	RAL 000 25 00
71  71  71	RAL 000 30 00
82  82  82	RAL 000 35 00
94  94  94	RAL 000 40 00
106  106  106	RAL 000 45 00
119  119  119	RAL 000 50 00
132  132  132	RAL 000 55 00
145  145  145	RAL 000 60 00
158  158  158	RAL 000 65 00
171  171  171	RAL 000 70 00
185  185  185	RAL 000 75 00
198  198  198	RAL 000 80 00
212  212  212	RAL 000 85 00
226  226  226	RAL 000 90 00
69  40  45	RAL 010 20 15
75  36  44	RAL 010 20 20
81  31  43	RAL 010 20 25
93  62  67	RAL 010 30 15
100  58  66	RAL 010 30 20
106  54  65	RAL 010 30 25
113  50  64	RAL 010 30 30
119  44  63	RAL 010 30 35
125  38  62	RAL 010 30 40
130  32  61	RAL 010 30 44
111  89  92	RAL 010 40 10
118  85  91	RAL 010 40 15
126  82  89	RAL 010 40 20
133  78  88	RAL 010 40 25
140  74  87	RAL 010 40 30
146  69  86	RAL 010 40 35
153  64  85	RAL 010 40 40
159  58  84	RAL 010 40 45
165  51  83	RAL 010 40 50
169  46  82	RAL 010 40 53
136  113  116	RAL 010 50 10
144  110  115	RAL 010 50 15
152  106  114	RAL 010 50 20
160  103  113	RAL 010 50 25
167  99  112	RAL 010 50 30
174  94  110	RAL 010 50 35
181  89  109	RAL 010 50 40
188  84  108	RAL 010 50 45
194  78  107	RAL 010 50 50
163  139  142	RAL 010 60 10
171  135  141	RAL 010 60 15
179  132  139	RAL 010 60 20
187  128  138	RAL 010 60 25
195  124  137	RAL 010 60 30
202  120  136	RAL 010 60 35
210  115  134	RAL 010 60 40
217  110  133	RAL 010 60 45
190  165  168	RAL 010 70 10
199  162  167	RAL 010 70 15
207  158  166	RAL 010 70 20
216  154  164	RAL 010 70 25
224  150  163	RAL 010 70 30
232  146  162	RAL 010 70 35
218  192  196	RAL 010 80 10
227  189  194	RAL 010 80 15
236  185  193	RAL 010 80 20
236  223  225	RAL 010 90 05
246  220  223	RAL 010 90 10
242  229  231	RAL 010 92 05
56  46  46	RAL 020 20 05
63  43  44	RAL 020 20 10
75  37  39	RAL 020 20 20
85  28  35	RAL 020 20 29
79  68  68	RAL 020 30 05
86  65  66	RAL 020 30 10
100  59  61	RAL 020 30 20
112  51  56	RAL 020 30 30
124  40  52	RAL 020 30 40
133  28  48	RAL 020 30 48
103  92  92	RAL 020 40 05
111  89  89	RAL 020 40 10
126  82  84	RAL 020 40 20
139  75  79	RAL 020 40 30
152  65  74	RAL 020 40 40
164  54  69	RAL 020 40 50
128  116  116	RAL 020 50 05
136  113  114	RAL 020 50 10
152  107  108	RAL 020 50 20
167  99  103	RAL 020 50 30
180  91  98	RAL 020 50 40
194  80  93	RAL 020 50 50
204  70  89	RAL 020 50 58
154  142  142	RAL 020 60 05
163  139  139	RAL 020 60 10
179  132  133	RAL 020 60 20
195  125  128	RAL 020 60 30
209  117  123	RAL 020 60 40
181  168  168	RAL 020 70 05
190  165  165	RAL 020 70 10
207  159  160	RAL 020 70 20
224  151  154	RAL 020 70 30
208  195  195	RAL 020 80 05
218  192  192	RAL 020 80 10
236  186  187	RAL 020 80 20
237  223  223	RAL 020 90 05
246  220  220	RAL 020 90 10
99  60  56	RAL 030 30 20
111  53  49	RAL 030 30 30
122  44  42	RAL 030 30 40
127  38  38	RAL 030 30 45
110  89  86	RAL 030 40 10
125  83  79	RAL 030 40 20
138  76  71	RAL 030 40 30
150  68  64	RAL 030 40 40
161  58  56	RAL 030 40 50
172  45  49	RAL 030 40 60
136  114  111	RAL 030 50 10
151  108  103	RAL 030 50 20
165  101  95	RAL 030 50 30
178  93  87	RAL 030 50 40
191  84  79	RAL 030 50 50
202  73  72	RAL 030 50 60
162  139  136	RAL 030 60 10
178  133  128	RAL 030 60 20
193  127  120	RAL 030 60 30
207  119  111	RAL 030 60 40
220  111  103	RAL 030 60 50
190  166  162	RAL 030 70 10
206  159  154	RAL 030 70 20
222  153  145	RAL 030 70 30
237  146  137	RAL 030 70 40
217  193  189	RAL 030 80 10
235  187  181	RAL 030 80 20
236  223  222	RAL 030 90 05
246  221  217	RAL 030 90 10
71  40  31	RAL 040 20 19
78  69  66	RAL 040 30 05
85  66  61	RAL 040 30 10
97  61  51	RAL 040 30 20
108  55  42	RAL 040 30 30
118  48  32	RAL 040 30 40
102  92  89	RAL 040 40 05
110  90  84	RAL 040 40 10
123  85  74	RAL 040 40 20
135  79  64	RAL 040 40 30
146  72  54	RAL 040 40 40
156  64  44	RAL 040 40 50
166  54  34	RAL 040 40 60
173  45  26	RAL 040 40 67
127  117  114	RAL 040 50 05
135  114  108	RAL 040 50 10
149  109  98	RAL 040 50 20
162  103  87	RAL 040 50 30
174  97  77	RAL 040 50 40
185  89  67	RAL 040 50 50
196  81  56	RAL 040 50 60
206  71  45	RAL 040 50 70
153  142  139	RAL 040 60 05
161  140  134	RAL 040 60 10
176  134  123	RAL 040 60 20
190  129  112	RAL 040 60 30
203  122  101	RAL 040 60 40
215  115  90	RAL 040 60 50
227  107  79	RAL 040 60 60
180  169  165	RAL 040 70 05
189  166  160	RAL 040 70 10
204  161  149	RAL 040 70 20
219  155  137	RAL 040 70 30
232  149  126	RAL 040 70 40
245  142  115	RAL 040 70 50
208  196  193	RAL 040 80 05
216  193  187	RAL 040 80 10
233  188  175	RAL 040 80 20
248  182  164	RAL 040 80 30
236  224  220	RAL 040 90 05
245  221  214	RAL 040 90 10
60  45  37	RAL 050 20 10
66  42  31	RAL 050 20 16
95  63  47	RAL 050 30 20
104  58  36	RAL 050 30 30
110  55  28	RAL 050 30 36
108  90  82	RAL 050 40 10
120  86  70	RAL 050 40 20
131  81  58	RAL 050 40 30
140  76  45	RAL 050 40 40
150  70  32	RAL 050 40 50
134  115  106	RAL 050 50 10
146  111  94	RAL 050 50 20
158  106  81	RAL 050 50 30
169  101  68	RAL 050 50 40
178  95  55	RAL 050 50 50
188  89  41	RAL 050 50 60
197  82  24	RAL 050 50 70
203  75  5	RAL 050 50 78
160  140  131	RAL 050 60 10
174  136  118	RAL 050 60 20
186  131  105	RAL 050 60 30
197  126  92	RAL 050 60 40
208  121  78	RAL 050 60 50
218  115  65	RAL 050 60 60
228  108  50	RAL 050 60 70
237  101  33	RAL 050 60 80
187  167  157	RAL 050 70 10
201  162  144	RAL 050 70 20
214  158  130	RAL 050 70 30
227  152  117	RAL 050 70 40
238  147  103	RAL 050 70 50
249  141  89	RAL 050 70 60
215  194  184	RAL 050 80 10
230  189  170	RAL 050 80 20
244  185  157	RAL 050 80 30
235  224  219	RAL 050 90 05
243  222  212	RAL 050 90 10
241  230  225	RAL 050 92 05
54  47  42	RAL 060 20 05
77  69  64	RAL 060 30 05
82  68  57	RAL 060 30 10
91  65  44	RAL 060 30 20
97  62  34	RAL 060 30 27
101  93  87	RAL 060 40 05
106  91  80	RAL 060 40 10
117  88  66	RAL 060 40 20
126  84  52	RAL 060 40 30
134  81  37	RAL 060 40 40
125  117  112	RAL 060 50 05
132  116  104	RAL 060 50 10
143  112  90	RAL 060 50 20
153  109  75	RAL 060 50 30
162  105  60	RAL 060 50 40
170  101  44	RAL 060 50 50
177  97  24	RAL 060 50 60
185  92  0	RAL 060 50 70
152  143  137	RAL 060 60 05
158  141  130	RAL 060 60 10
170  138  115	RAL 060 60 20
180  134  99	RAL 060 60 30
190  130  84	RAL 060 60 40
199  126  68	RAL 060 60 50
207  122  51	RAL 060 60 60
215  118  30	RAL 060 60 70
222  113  0	RAL 060 60 80
178  169  163	RAL 060 70 05
185  168  156	RAL 060 70 10
197  164  140	RAL 060 70 20
209  161  125	RAL 060 70 30
219  157  109	RAL 060 70 40
229  153  93	RAL 060 70 50
238  148  76	RAL 060 70 60
246  144  57	RAL 060 70 70
213  195  182	RAL 060 80 10
226  191  167	RAL 060 80 20
238  188  151	RAL 060 80 30
249  184  135	RAL 060 80 40
234  225  218	RAL 060 90 05
241  223  210	RAL 060 90 10
248  221  202	RAL 060 90 15
88  66  41	RAL 070 30 20
104  92  79	RAL 070 40 10
113  90  64	RAL 070 40 20
120  87  48	RAL 070 40 30
126  85  30	RAL 070 40 40
130  117  103	RAL 070 50 10
139  114  87	RAL 070 50 20
146  112  71	RAL 070 50 30
153  109  54	RAL 070 50 40
160  107  34	RAL 070 50 50
163  106  22	RAL 070 50 55
156  142  128	RAL 070 60 10
165  140  112	RAL 070 60 20
174  137  95	RAL 070 60 30
181  135  78	RAL 070 60 40
188  132  59	RAL 070 60 50
195  130  38	RAL 070 60 60
201  127  0	RAL 070 60 70
203  126  0	RAL 070 60 75
183  169  154	RAL 070 70 10
193  166  137	RAL 070 70 20
202  164  120	RAL 070 70 30
210  161  103	RAL 070 70 40
218  158  84	RAL 070 70 50
225  156  65	RAL 070 70 60
231  153  41	RAL 070 70 70
237  150  0	RAL 070 70 80
210  196  181	RAL 070 80 10
221  193  164	RAL 070 80 20
231  191  146	RAL 070 80 30
239  188  128	RAL 070 80 40
247  185  110	RAL 070 80 50
255  183  91	RAL 070 80 60
233  225  217	RAL 070 90 05
239  224  209	RAL 070 90 10
250  221  191	RAL 070 90 20
110  91  63	RAL 075 40 20
117  89  46	RAL 075 40 30
121  88  32	RAL 075 40 38
136  115  86	RAL 075 50 20
143  113  69	RAL 075 50 30
149  112  51	RAL 075 50 40
154  110  30	RAL 075 50 50
158  108  2	RAL 075 50 58
154  143  128	RAL 075 60 10
163  141  111	RAL 075 60 20
170  139  93	RAL 075 60 30
177  137  76	RAL 075 60 40
183  135  56	RAL 075 60 50
188  133  32	RAL 075 60 60
193  131  0	RAL 075 60 70
181  169  154	RAL 075 70 10
190  167  136	RAL 075 70 20
198  165  119	RAL 075 70 30
205  163  100	RAL 075 70 40
212  161  81	RAL 075 70 50
217  159  60	RAL 075 70 60
223  157  33	RAL 075 70 70
228  155  0	RAL 075 70 80
209  196  180	RAL 075 80 10
218  194  163	RAL 075 80 20
227  192  144	RAL 075 80 30
234  190  126	RAL 075 80 40
241  188  107	RAL 075 80 50
247  186  87	RAL 075 80 60
237  224  208	RAL 075 90 10
247  222  190	RAL 075 90 20
238  231  223	RAL 075 92 05
55  47  34	RAL 080 20 10
74  70  63	RAL 080 30 05
78  69  55	RAL 080 30 10
83  68  40	RAL 080 30 20
86  68  30	RAL 080 30 26
98  94  86	RAL 080 40 05
102  93  78	RAL 080 40 10
108  92  62	RAL 080 40 20
113  91  45	RAL 080 40 30
117  89  25	RAL 080 40 40
123  118  111	RAL 080 50 05
127  118  102	RAL 080 50 10
134  116  85	RAL 080 50 20
139  115  68	RAL 080 50 30
144  114  49	RAL 080 50 40
148  113  27	RAL 080 50 50
149  144  136	RAL 080 60 05
153  143  127	RAL 080 60 10
160  142  110	RAL 080 60 20
166  141  93	RAL 080 60 30
172  139  74	RAL 080 60 40
176  138  53	RAL 080 60 50
181  137  27	RAL 080 60 60
184  135  0	RAL 080 60 70
180  170  153	RAL 080 70 10
187  168  135	RAL 080 70 20
194  167  117	RAL 080 70 30
200  165  99	RAL 080 70 40
205  164  79	RAL 080 70 50
210  163  57	RAL 080 70 60
214  162  26	RAL 080 70 70
218  160  0	RAL 080 70 80
220  159  0	RAL 080 70 88
203  198  189	RAL 080 80 05
207  197  180	RAL 080 80 10
215  195  162	RAL 080 80 20
223  194  143	RAL 080 80 30
229  193  124	RAL 080 80 40
235  191  105	RAL 080 80 50
240  190  83	RAL 080 80 60
244  188  59	RAL 080 80 70
248  187  22	RAL 080 80 80
252  186  0	RAL 080 80 90
231  226  217	RAL 080 90 05
236  225  208	RAL 080 90 10
244  223  189	RAL 080 90 20
106  93  62	RAL 085 40 20
109  92  44	RAL 085 40 30
131  117  85	RAL 085 50 20
136  117  67	RAL 085 50 30
139  116  48	RAL 085 50 40
142  115  24	RAL 085 50 50
152  144  127	RAL 085 60 10
157  143  109	RAL 085 60 20
162  142  91	RAL 085 60 30
167  141  72	RAL 085 60 40
170  141  51	RAL 085 60 50
173  140  23	RAL 085 60 60
178  170  153	RAL 085 70 10
185  169  135	RAL 085 70 20
190  168  116	RAL 085 70 30
195  168  97	RAL 085 70 40
199  167  77	RAL 085 70 50
202  166  54	RAL 085 70 60
205  165  19	RAL 085 70 70
206  165  0	RAL 085 70 75
206  197  180	RAL 085 80 10
212  196  161	RAL 085 80 20
218  196  142	RAL 085 80 30
223  195  123	RAL 085 80 40
228  194  103	RAL 085 80 50
231  193  83	RAL 085 80 60
235  193  55	RAL 085 80 70
238  192  10	RAL 085 80 80
239  191  0	RAL 085 80 85
234  225  207	RAL 085 90 10
241  224  188	RAL 085 90 20
247  224  169	RAL 085 90 30
78  70  39	RAL 090 30 20
99  94  78	RAL 090 40 10
103  94  61	RAL 090 40 20
106  93  44	RAL 090 40 30
124  119  102	RAL 090 50 10
128  118  85	RAL 090 50 20
132  118  67	RAL 090 50 30
134  118  47	RAL 090 50 40
150  144  127	RAL 090 60 10
155  144  109	RAL 090 60 20
158  144  91	RAL 090 60 30
161  143  72	RAL 090 60 40
163  143  50	RAL 090 60 50
165  143  20	RAL 090 60 60
177  171  153	RAL 090 70 10
182  170  135	RAL 090 70 20
186  170  116	RAL 090 70 30
189  170  97	RAL 090 70 40
192  170  76	RAL 090 70 50
194  169  52	RAL 090 70 60
195  169  14	RAL 090 70 70
197  169  0	RAL 090 70 80
204  198  180	RAL 090 80 10
209  198  161	RAL 090 80 20
214  197  142	RAL 090 80 30
217  197  122	RAL 090 80 40
220  197  102	RAL 090 80 50
223  197  80	RAL 090 80 60
225  196  53	RAL 090 80 70
227  196  1	RAL 090 80 80
228  196  0	RAL 090 80 90
230  226  217	RAL 090 90 05
233  226  207	RAL 090 90 10
238  226  188	RAL 090 90 20
242  225  169	RAL 090 90 30
100  95  61	RAL 095 40 20
102  95  44	RAL 095 40 30
125  119  85	RAL 095 50 20
127  119  67	RAL 095 50 30
129  120  47	RAL 095 50 40
129  120  22	RAL 095 50 50
149  145  127	RAL 095 60 10
152  145  109	RAL 095 60 20
154  145  91	RAL 095 60 30
155  145  72	RAL 095 60 40
156  146  50	RAL 095 60 50
157  146  19	RAL 095 60 60
157  146  0	RAL 095 60 70
175  171  153	RAL 095 70 10
179  171  135	RAL 095 70 20
181  172  116	RAL 095 70 30
183  172  97	RAL 095 70 40
184  172  76	RAL 095 70 50
185  172  52	RAL 095 70 60
186  173  12	RAL 095 70 70
203  198  180	RAL 095 80 10
206  199  161	RAL 095 80 20
209  199  142	RAL 095 80 30
211  199  122	RAL 095 80 40
213  199  102	RAL 095 80 50
214  200  80	RAL 095 80 60
215  200  53	RAL 095 80 70
215  200  0	RAL 095 80 80
231  226  207	RAL 095 90 10
235  227  188	RAL 095 90 20
238  227  169	RAL 095 90 30
240  227  149	RAL 095 90 40
242  227  128	RAL 095 90 50
243  228  109	RAL 095 90 59
49  49  41	RAL 100 20 05
72  71  63	RAL 100 30 05
73  71  55	RAL 100 30 10
73  72  39	RAL 100 30 20
95  95  86	RAL 100 40 05
96  95  78	RAL 100 40 10
97  95  62	RAL 100 40 20
98  96  44	RAL 100 40 30
97  97  23	RAL 100 40 40
120  119  111	RAL 100 50 05
121  120  102	RAL 100 50 10
123  120  85	RAL 100 50 20
123  121  67	RAL 100 50 30
123  122  48	RAL 100 50 40
122  122  23	RAL 100 50 50
146  145  136	RAL 100 60 05
147  145  127	RAL 100 60 10
149  146  110	RAL 100 60 20
149  146  91	RAL 100 60 30
150  147  72	RAL 100 60 40
149  148  51	RAL 100 60 50
148  149  21	RAL 100 60 60
172  171  162	RAL 100 70 05
174  172  153	RAL 100 70 10
175  172  135	RAL 100 70 20
176  173  117	RAL 100 70 30
177  174  97	RAL 100 70 40
177  175  77	RAL 100 70 50
176  175  53	RAL 100 70 60
200  199  189	RAL 100 80 05
201  199  180	RAL 100 80 10
203  200  161	RAL 100 80 20
204  200  142	RAL 100 80 30
205  201  123	RAL 100 80 40
205  202  103	RAL 100 80 50
205  203  81	RAL 100 80 60
204  203  54	RAL 100 80 70
203  204  1	RAL 100 80 80
228  227  217	RAL 100 90 05
229  227  207	RAL 100 90 10
231  228  188	RAL 100 90 20
233  228  169	RAL 100 90 30
234  229  150	RAL 100 90 40
234  230  129	RAL 100 90 50
47  50  34	RAL 110 20 10
68  73  41	RAL 110 30 20
93  96  79	RAL 110 40 10
92  97  63	RAL 110 40 20
89  99  46	RAL 110 40 30
86  100  26	RAL 110 40 40
118  120  103	RAL 110 50 10
116  122  86	RAL 110 50 20
114  123  69	RAL 110 50 30
111  125  51	RAL 110 50 40
108  126  28	RAL 110 50 50
106  127  10	RAL 110 50 55
144  146  128	RAL 110 60 10
142  148  111	RAL 110 60 20
140  149  94	RAL 110 60 30
137  151  75	RAL 110 60 40
134  152  55	RAL 110 60 50
130  154  29	RAL 110 60 60
128  154  3	RAL 110 60 65
170  173  154	RAL 110 70 10
169  174  136	RAL 110 70 20
167  176  119	RAL 110 70 30
164  177  100	RAL 110 70 40
161  179  81	RAL 110 70 50
158  181  58	RAL 110 70 60
153  182  27	RAL 110 70 70
150  183  0	RAL 110 70 77
198  200  181	RAL 110 80 10
196  202  163	RAL 110 80 20
194  203  145	RAL 110 80 30
192  205  126	RAL 110 80 40
189  206  107	RAL 110 80 50
186  208  86	RAL 110 80 60
182  210  61	RAL 110 80 70
226  227  217	RAL 110 90 05
226  228  208	RAL 110 90 10
224  230  190	RAL 110 90 20
222  231  172	RAL 110 90 30
221  232  162	RAL 110 90 35
220  233  153	RAL 110 90 40
232  233  223	RAL 110 92 05
69  72  64	RAL 120 30 05
67  73  57	RAL 120 30 10
62  75  43	RAL 120 30 20
92  95  87	RAL 120 40 05
90  96  80	RAL 120 40 10
86  99  65	RAL 120 40 20
80  101  50	RAL 120 40 30
74  103  32	RAL 120 40 40
117  120  111	RAL 120 50 05
115  121  104	RAL 120 50 10
110  124  89	RAL 120 50 20
105  126  73	RAL 120 50 30
99  128  56	RAL 120 50 40
92  130  37	RAL 120 50 50
143  146  137	RAL 120 60 05
140  147  129	RAL 120 60 10
136  149  113	RAL 120 60 20
130  152  97	RAL 120 60 30
125  154  81	RAL 120 60 40
118  156  62	RAL 120 60 50
110  158  41	RAL 120 60 60
108  159  33	RAL 120 60 63
169  172  163	RAL 120 70 05
167  174  155	RAL 120 70 10
162  176  139	RAL 120 70 20
157  178  123	RAL 120 70 30
151  181  106	RAL 120 70 40
145  183  88	RAL 120 70 50
137  185  68	RAL 120 70 60
130  187  44	RAL 120 70 70
125  188  27	RAL 120 70 75
196  200  190	RAL 120 80 05
194  201  182	RAL 120 80 10
189  203  165	RAL 120 80 20
184  206  149	RAL 120 80 30
178  208  132	RAL 120 80 40
172  211  114	RAL 120 80 50
165  213  95	RAL 120 80 60
224  228  218	RAL 120 90 05
222  229  210	RAL 120 90 10
217  232  193	RAL 120 90 20
212  234  176	RAL 120 90 30
56  76  46	RAL 130 30 20
87  97  81	RAL 130 40 10
80  100  68	RAL 130 40 20
71  103  55	RAL 130 40 30
112  122  106	RAL 130 50 10
104  125  92	RAL 130 50 20
95  128  78	RAL 130 50 30
86  130  64	RAL 130 50 40
74  133  48	RAL 130 50 50
137  148  131	RAL 130 60 10
129  151  117	RAL 130 60 20
121  154  103	RAL 130 60 30
111  156  88	RAL 130 60 40
100  159  72	RAL 130 60 50
88  161  55	RAL 130 60 60
164  174  157	RAL 130 70 10
155  178  143	RAL 130 70 20
147  181  128	RAL 130 70 30
137  184  113	RAL 130 70 40
127  186  98	RAL 130 70 50
115  189  81	RAL 130 70 60
191  202  184	RAL 130 80 10
182  205  169	RAL 130 80 20
174  208  154	RAL 130 80 30
164  211  139	RAL 130 80 40
154  214  123	RAL 130 80 50
222  228  219	RAL 130 90 05
218  230  211	RAL 130 90 10
210  233  196	RAL 130 90 20
228  234  225	RAL 130 92 05
44  50  43	RAL 140 20 05
39  51  39	RAL 140 20 10
28  54  29	RAL 140 20 20
66  72  66	RAL 140 30 05
61  74  60	RAL 140 30 10
50  77  50	RAL 140 30 20
37  80  39	RAL 140 30 30
16  82  27	RAL 140 30 40
89  96  89	RAL 140 40 05
84  98  83	RAL 140 40 10
74  101  72	RAL 140 40 20
61  104  61	RAL 140 40 30
45  107  49	RAL 140 40 40
20  109  36	RAL 140 40 50
114  121  113	RAL 140 50 05
109  123  108	RAL 140 50 10
98  126  96	RAL 140 50 20
85  129  85	RAL 140 50 30
71  132  73	RAL 140 50 40
53  135  60	RAL 140 50 50
23  137  46	RAL 140 50 60
139  147  139	RAL 140 60 05
134  149  133	RAL 140 60 10
123  152  121	RAL 140 60 20
111  156  109	RAL 140 60 30
97  159  97	RAL 140 60 40
81  162  84	RAL 140 60 50
60  164  71	RAL 140 60 60
26  167  56	RAL 140 60 70
166  173  165	RAL 140 70 05
160  175  159	RAL 140 70 10
149  179  147	RAL 140 70 20
137  183  135	RAL 140 70 30
123  186  122	RAL 140 70 40
108  189  109	RAL 140 70 50
90  192  96	RAL 140 70 60
187  203  186	RAL 140 80 10
176  207  174	RAL 140 80 20
163  210  161	RAL 140 80 30
150  214  148	RAL 140 80 40
221  229  220	RAL 140 90 05
215  231  214	RAL 140 90 10
44  78  54	RAL 150 30 20
24  81  46	RAL 150 30 30
82  98  86	RAL 150 40 10
68  102  77	RAL 150 40 20
50  105  68	RAL 150 40 30
24  108  59	RAL 150 40 40
0  111  50	RAL 150 40 50
106  123  110	RAL 150 50 10
92  127  101	RAL 150 50 20
75  131  92	RAL 150 50 30
54  134  83	RAL 150 50 40
18  137  73	RAL 150 50 50
0  139  63	RAL 150 50 60
131  149  135	RAL 150 60 10
117  153  126	RAL 150 60 20
101  157  117	RAL 150 60 30
82  160  107	RAL 150 60 40
57  164  98	RAL 150 60 50
0  167  88	RAL 150 60 60
157  176  162	RAL 150 70 10
143  180  152	RAL 150 70 20
127  184  142	RAL 150 70 30
109  188  133	RAL 150 70 40
87  191  123	RAL 150 70 50
184  203  189	RAL 150 80 10
170  208  179	RAL 150 80 20
154  212  169	RAL 150 80 30
136  216  159	RAL 150 80 40
219  229  222	RAL 150 90 05
212  231  216	RAL 150 90 10
26  54  40	RAL 160 20 15
14  55  38	RAL 160 20 20
64  73  68	RAL 160 30 05
56  75  65	RAL 160 30 10
48  77  62	RAL 160 30 15
38  78  59	RAL 160 30 20
26  80  56	RAL 160 30 25
5  82  53	RAL 160 30 30
0  83  51	RAL 160 30 35
0  84  49	RAL 160 30 38
87  97  91	RAL 160 40 05
79  99  88	RAL 160 40 10
71  101  85	RAL 160 40 15
62  103  82	RAL 160 40 20
51  105  79	RAL 160 40 25
38  106  76	RAL 160 40 30
19  108  73	RAL 160 40 35
0  109  70	RAL 160 40 40
0  111  67	RAL 160 40 45
0  112  64	RAL 160 40 50
0  113  61	RAL 160 40 55
111  121  116	RAL 160 50 05
104  124  113	RAL 160 50 10
95  126  110	RAL 160 50 15
86  128  107	RAL 160 50 20
76  130  103	RAL 160 50 25
65  132  100	RAL 160 50 30
52  133  97	RAL 160 50 35
33  135  94	RAL 160 50 40
0  137  91	RAL 160 50 45
0  138  87	RAL 160 50 50
0  140  84	RAL 160 50 55
0  141  81	RAL 160 50 60
137  147  141	RAL 160 60 05
129  150  138	RAL 160 60 10
120  152  135	RAL 160 60 15
111  154  132	RAL 160 60 20
102  156  128	RAL 160 60 25
91  158  125	RAL 160 60 30
79  160  122	RAL 160 60 35
65  162  119	RAL 160 60 40
47  164  115	RAL 160 60 45
14  165  112	RAL 160 60 50
0  167  109	RAL 160 60 55
0  168  107	RAL 160 60 58
163  174  168	RAL 160 70 05
155  176  164	RAL 160 70 10
146  179  161	RAL 160 70 15
137  181  158	RAL 160 70 20
128  183  154	RAL 160 70 25
117  185  151	RAL 160 70 30
106  187  148	RAL 160 70 35
94  189  144	RAL 160 70 40
79  191  141	RAL 160 70 45
65  193  138	RAL 160 70 49
190  201  195	RAL 160 80 05
182  204  192	RAL 160 80 10
173  206  188	RAL 160 80 15
164  209  185	RAL 160 80 20
154  211  181	RAL 160 80 25
144  213  178	RAL 160 80 30
218  229  223	RAL 160 90 05
209  232  219	RAL 160 90 10
32  52  45	RAL 170 20 10
5  56  43	RAL 170 20 20
0  57  41	RAL 170 20 25
45  77  66	RAL 170 30 15
32  79  65	RAL 170 30 20
14  81  63	RAL 170 30 25
0  82  61	RAL 170 30 30
0  84  60	RAL 170 30 35
0  85  58	RAL 170 30 40
77  99  91	RAL 170 40 10
68  101  89	RAL 170 40 15
57  103  88	RAL 170 40 20
43  105  86	RAL 170 40 25
24  107  85	RAL 170 40 30
0  108  83	RAL 170 40 35
0  110  81	RAL 170 40 40
0  111  80	RAL 170 40 45
0  113  78	RAL 170 40 50
102  124  116	RAL 170 50 10
92  126  114	RAL 170 50 15
81  128  112	RAL 170 50 20
69  130  111	RAL 170 50 25
55  132  109	RAL 170 50 30
35  134  107	RAL 170 50 35
0  136  106	RAL 170 50 40
0  138  104	RAL 170 50 45
0  139  102	RAL 170 50 50
0  141  101	RAL 170 50 55
127  150  141	RAL 170 60 10
117  152  139	RAL 170 60 15
107  155  138	RAL 170 60 20
95  157  136	RAL 170 60 25
82  159  134	RAL 170 60 30
67  161  132	RAL 170 60 35
46  163  131	RAL 170 60 40
0  165  129	RAL 170 60 45
0  166  127	RAL 170 60 50
153  177  167	RAL 170 70 10
143  179  166	RAL 170 70 15
133  181  164	RAL 170 70 20
121  184  162	RAL 170 70 25
109  186  160	RAL 170 70 30
95  188  159	RAL 170 70 35
79  190  157	RAL 170 70 40
180  204  195	RAL 170 80 10
170  207  193	RAL 170 80 15
159  209  191	RAL 170 80 20
148  212  189	RAL 170 80 25
217  229  224	RAL 170 90 05
207  232  223	RAL 170 90 10
223  235  230	RAL 170 92 05
40  51  48	RAL 180 20 05
18  54  48	RAL 180 20 15
0  56  48	RAL 180 20 20
62  73  70	RAL 180 30 05
53  75  70	RAL 180 30 10
42  77  70	RAL 180 30 15
27  79  70	RAL 180 30 20
0  81  70	RAL 180 30 25
0  82  70	RAL 180 30 30
0  84  70	RAL 180 30 35
85  97  94	RAL 180 40 05
76  99  94	RAL 180 40 10
65  101  94	RAL 180 40 15
52  103  94	RAL 180 40 20
36  105  93	RAL 180 40 25
3  107  93	RAL 180 40 30
0  109  93	RAL 180 40 35
0  110  93	RAL 180 40 40
0  112  93	RAL 180 40 45
110  122  119	RAL 180 50 05
100  124  119	RAL 180 50 10
89  126  118	RAL 180 50 15
77  129  118	RAL 180 50 20
63  131  118	RAL 180 50 25
45  133  118	RAL 180 50 30
10  135  118	RAL 180 50 35
0  136  118	RAL 180 50 40
0  138  117	RAL 180 50 45
0  140  117	RAL 180 50 50
135  147  144	RAL 180 60 05
125  150  144	RAL 180 60 10
114  152  144	RAL 180 60 15
103  155  144	RAL 180 60 20
90  157  144	RAL 180 60 25
74  159  143	RAL 180 60 30
54  161  143	RAL 180 60 35
19  163  143	RAL 180 60 40
0  165  143	RAL 180 60 45
0  167  143	RAL 180 60 50
161  174  171	RAL 180 70 05
151  177  171	RAL 180 70 10
140  179  170	RAL 180 70 15
129  182  170	RAL 180 70 20
116  184  170	RAL 180 70 25
102  186  170	RAL 180 70 30
85  189  170	RAL 180 70 35
63  191  169	RAL 180 70 40
188  201  198	RAL 180 80 05
178  204  198	RAL 180 80 10
167  207  198	RAL 180 80 15
156  209  197	RAL 180 80 20
143  212  197	RAL 180 80 25
129  214  197	RAL 180 80 30
216  229  226	RAL 180 90 05
206  232  226	RAL 180 90 10
0  56  53	RAL 190 20 20
39  77  74	RAL 190 30 15
22  79  75	RAL 190 30 20
0  81  77	RAL 190 30 25
0  82  78	RAL 190 30 30
0  84  79	RAL 190 30 35
75  99  97	RAL 190 40 10
63  101  98	RAL 190 40 15
49  103  99	RAL 190 40 20
29  105  100	RAL 190 40 25
0  107  102	RAL 190 40 30
0  109  103	RAL 190 40 35
0  110  104	RAL 190 40 40
0  112  106	RAL 190 40 45
99  124  121	RAL 190 50 10
88  126  123	RAL 190 50 15
74  129  124	RAL 190 50 20
58  131  125	RAL 190 50 25
36  133  127	RAL 190 50 30
0  135  128	RAL 190 50 35
0  136  129	RAL 190 50 40
0  138  131	RAL 190 50 45
124  150  147	RAL 190 60 10
113  152  149	RAL 190 60 15
100  155  150	RAL 190 60 20
86  157  151	RAL 190 60 25
68  159  153	RAL 190 60 30
42  161  154	RAL 190 60 35
0  163  155	RAL 190 60 40
0  165  157	RAL 190 60 45
150  177  174	RAL 190 70 10
139  179  175	RAL 190 70 15
126  182  177	RAL 190 70 20
112  184  178	RAL 190 70 25
96  186  179	RAL 190 70 30
77  189  181	RAL 190 70 35
177  204  201	RAL 190 80 10
166  207  203	RAL 190 80 15
153  209  204	RAL 190 80 20
140  212  205	RAL 190 80 25
216  229  228	RAL 190 90 05
205  232  229	RAL 190 90 10
29  52  53	RAL 200 20 10
13  54  55	RAL 200 20 15
0  56  58	RAL 200 20 20
0  57  59	RAL 200 20 23
62  73  73	RAL 200 30 05
51  75  76	RAL 200 30 10
38  77  78	RAL 200 30 15
19  79  81	RAL 200 30 20
0  81  83	RAL 200 30 25
0  82  86	RAL 200 30 30
0  83  87	RAL 200 30 33
85  97  97	RAL 200 40 05
74  99  99	RAL 200 40 10
62  101  102	RAL 200 40 15
47  103  105	RAL 200 40 20
24  105  107	RAL 200 40 25
0  107  110	RAL 200 40 30
0  109  113	RAL 200 40 35
0  110  116	RAL 200 40 40
109  122  122	RAL 200 50 05
99  124  124	RAL 200 50 10
87  126  127	RAL 200 50 15
73  128  130	RAL 200 50 20
56  130  133	RAL 200 50 25
29  132  135	RAL 200 50 30
0  134  138	RAL 200 50 35
0  136  141	RAL 200 50 40
0  138  144	RAL 200 50 45
135  147  147	RAL 200 60 05
124  150  150	RAL 200 60 10
112  152  153	RAL 200 60 15
99  155  156	RAL 200 60 20
83  157  159	RAL 200 60 25
64  159  162	RAL 200 60 30
34  161  164	RAL 200 60 35
0  163  167	RAL 200 60 40
161  174  174	RAL 200 70 05
150  176  177	RAL 200 70 10
138  179  180	RAL 200 70 15
125  181  183	RAL 200 70 20
111  184  186	RAL 200 70 25
188  201  201	RAL 200 80 05
178  204  204	RAL 200 80 10
165  207  207	RAL 200 80 15
152  209  210	RAL 200 80 20
138  212  213	RAL 200 80 25
216  229  229	RAL 200 90 05
204  232  232	RAL 200 90 10
221  235  235	RAL 200 92 05
39  77  82	RAL 210 30 15
19  79  86	RAL 210 30 20
0  80  89	RAL 210 30 25
0  82  93	RAL 210 30 30
75  99  102	RAL 210 40 10
63  101  106	RAL 210 40 15
47  103  110	RAL 210 40 20
24  105  114	RAL 210 40 25
0  106  118	RAL 210 40 30
0  108  122	RAL 210 40 35
0  109  124	RAL 210 40 38
99  124  127	RAL 210 50 10
87  126  131	RAL 210 50 15
73  128  135	RAL 210 50 20
56  130  139	RAL 210 50 25
28  132  144	RAL 210 50 30
0  134  148	RAL 210 50 35
0  135  152	RAL 210 50 40
0  137  156	RAL 210 50 45
124  149  153	RAL 210 60 10
112  152  157	RAL 210 60 15
99  154  161	RAL 210 60 20
84  156  166	RAL 210 60 25
64  158  170	RAL 210 60 30
32  160  174	RAL 210 60 35
0  162  179	RAL 210 60 40
150  176  180	RAL 210 70 10
139  179  184	RAL 210 70 15
126  181  189	RAL 210 70 20
111  183  193	RAL 210 70 25
94  185  197	RAL 210 70 30
72  187  202	RAL 210 70 35
177  204  207	RAL 210 80 10
165  206  212	RAL 210 80 15
153  209  216	RAL 210 80 20
138  211  221	RAL 210 80 25
216  229  231	RAL 210 90 05
205  232  235	RAL 210 90 10
40  50  53	RAL 220 20 05
15  53  62	RAL 220 20 15
0  55  67	RAL 220 20 20
62  73  75	RAL 220 30 05
52  74  80	RAL 220 30 10
40  76  85	RAL 220 30 15
21  78  90	RAL 220 30 20
0  79  95	RAL 220 30 25
0  81  100	RAL 220 30 30
85  96  99	RAL 220 40 05
76  98  104	RAL 220 40 10
64  100  110	RAL 220 40 15
49  102  115	RAL 220 40 20
27  104  120	RAL 220 40 25
0  105  125	RAL 220 40 30
0  107  130	RAL 220 40 35
0  108  136	RAL 220 40 40
110  121  124	RAL 220 50 05
100  123  130	RAL 220 50 10
89  125  135	RAL 220 50 15
75  127  140	RAL 220 50 20
58  129  146	RAL 220 50 25
33  131  151	RAL 220 50 30
0  132  156	RAL 220 50 35
0  134  162	RAL 220 50 40
135  147  150	RAL 220 60 05
125  149  156	RAL 220 60 10
114  151  161	RAL 220 60 15
101  153  167	RAL 220 60 20
86  155  172	RAL 220 60 25
67  157  178	RAL 220 60 30
39  159  183	RAL 220 60 35
0  161  189	RAL 220 60 40
161  173  177	RAL 220 70 05
151  176  182	RAL 220 70 10
140  178  188	RAL 220 70 15
128  180  194	RAL 220 70 20
114  182  199	RAL 220 70 25
97  184  205	RAL 220 70 30
76  186  211	RAL 220 70 35
189  201  204	RAL 220 80 05
178  203  210	RAL 220 80 10
167  205  216	RAL 220 80 15
155  208  222	RAL 220 80 20
141  210  228	RAL 220 80 25
216  229  232	RAL 220 90 05
222  235  238	RAL 220 92 05
32  51  59	RAL 230 20 10
0  54  70	RAL 230 20 20
42  76  88	RAL 230 30 15
26  77  94	RAL 230 30 20
0  78  100	RAL 230 30 25
77  98  106	RAL 230 40 10
66  99  113	RAL 230 40 15
53  101  119	RAL 230 40 20
34  103  125	RAL 230 40 25
0  104  131	RAL 230 40 30
0  106  138	RAL 230 40 35
0  107  144	RAL 230 40 40
101  123  132	RAL 230 50 10
91  124  138	RAL 230 50 15
79  126  144	RAL 230 50 20
64  128  151	RAL 230 50 25
42  129  157	RAL 230 50 30
0  131  164	RAL 230 50 35
0  132  170	RAL 230 50 40
127  148  158	RAL 230 60 10
116  150  164	RAL 230 60 15
105  152  171	RAL 230 60 20
91  154  178	RAL 230 60 25
74  156  184	RAL 230 60 30
51  157  191	RAL 230 60 35
0  159  198	RAL 230 60 40
153  175  185	RAL 230 70 10
142  177  191	RAL 230 70 15
131  179  198	RAL 230 70 20
118  181  205	RAL 230 70 25
103  182  212	RAL 230 70 30
180  202  212	RAL 230 80 10
169  204  219	RAL 230 80 15
158  206  226	RAL 230 80 20
217  228  233	RAL 230 90 05
22  52  67	RAL 240 20 15
1  53  73	RAL 240 20 20
0  54  76	RAL 240 20 22
64  72  77	RAL 240 30 05
56  73  84	RAL 240 30 10
46  75  91	RAL 240 30 15
33  76  97	RAL 240 30 20
7  77  104	RAL 240 30 25
0  78  111	RAL 240 30 30
0  80  118	RAL 240 30 35
87  96  101	RAL 240 40 05
79  97  108	RAL 240 40 10
70  99  115	RAL 240 40 15
58  100  122	RAL 240 40 20
43  101  129	RAL 240 40 25
17  103  136	RAL 240 40 30
0  104  143	RAL 240 40 35
0  105  151	RAL 240 40 40
112  120  126	RAL 240 50 05
103  122  133	RAL 240 50 10
94  123  141	RAL 240 50 15
84  125  148	RAL 240 50 20
71  126  155	RAL 240 50 25
54  128  163	RAL 240 50 30
27  129  170	RAL 240 50 35
0  130  177	RAL 240 50 40
137  146  152	RAL 240 60 05
129  148  160	RAL 240 60 10
120  149  167	RAL 240 60 15
109  151  175	RAL 240 60 20
98  152  182	RAL 240 60 25
84  154  190	RAL 240 60 30
65  155  197	RAL 240 60 35
37  157  205	RAL 240 60 40
163  173  179	RAL 240 70 05
155  174  187	RAL 240 70 10
146  176  194	RAL 240 70 15
136  177  202	RAL 240 70 20
125  179  210	RAL 240 70 25
112  181  218	RAL 240 70 30
190  200  206	RAL 240 80 05
182  202  214	RAL 240 80 10
173  203  222	RAL 240 80 15
163  205  230	RAL 240 80 20
218  228  234	RAL 240 90 05
12  52  76	RAL 250 20 20
0  53  83	RAL 250 20 25
50  74  92	RAL 250 30 15
40  75  100	RAL 250 30 20
24  76  107	RAL 250 30 25
0  77  114	RAL 250 30 30
82  96  109	RAL 250 40 10
74  97  117	RAL 250 40 15
65  99  125	RAL 250 40 20
53  100  132	RAL 250 40 25
37  101  140	RAL 250 40 30
1  102  148	RAL 250 40 35
0  103  156	RAL 250 40 40
106  121  135	RAL 250 50 10
98  122  143	RAL 250 50 15
90  123  151	RAL 250 50 20
79  124  159	RAL 250 50 25
67  126  167	RAL 250 50 30
50  127  175	RAL 250 50 35
19  128  183	RAL 250 50 40
131  147  161	RAL 250 60 10
124  148  169	RAL 250 60 15
115  149  177	RAL 250 60 20
106  150  186	RAL 250 60 25
95  151  194	RAL 250 60 30
81  153  202	RAL 250 60 35
63  154  210	RAL 250 60 40
158  173  188	RAL 250 70 10
150  175  196	RAL 250 70 15
142  176  205	RAL 250 70 20
133  177  213	RAL 250 70 25
122  178  222	RAL 250 70 30
185  201  216	RAL 250 80 10
177  202  224	RAL 250 80 15
169  203  233	RAL 250 80 20
220  228  235	RAL 250 90 05
225  233  241	RAL 250 92 05
44  49  55	RAL 260 20 05
39  49  63	RAL 260 20 10
32  50  70	RAL 260 20 15
23  51  77	RAL 260 20 20
66  71  78	RAL 260 30 05
61  72  86	RAL 260 30 10
55  73  93	RAL 260 30 15
47  73  101	RAL 260 30 20
37  74  109	RAL 260 30 25
22  75  117	RAL 260 30 30
0  75  124	RAL 260 30 35
90  95  102	RAL 260 40 05
85  96  110	RAL 260 40 10
79  96  118	RAL 260 40 15
72  97  126	RAL 260 40 20
63  98  134	RAL 260 40 25
53  98  142	RAL 260 40 30
38  99  151	RAL 260 40 35
8  100  159	RAL 260 40 40
0  101  167	RAL 260 40 45
114  120  127	RAL 260 50 05
109  120  136	RAL 260 50 10
103  121  144	RAL 260 50 15
97  122  152	RAL 260 50 20
89  122  161	RAL 260 50 25
80  123  169	RAL 260 50 30
69  124  177	RAL 260 50 35
54  125  186	RAL 260 50 40
140  145  153	RAL 260 60 05
134  146  162	RAL 260 60 10
129  147  170	RAL 260 60 15
122  147  179	RAL 260 60 20
115  148  188	RAL 260 60 25
107  149  196	RAL 260 60 30
97  150  205	RAL 260 60 35
166  172  180	RAL 260 70 05
161  173  189	RAL 260 70 10
155  173  198	RAL 260 70 15
149  174  207	RAL 260 70 20
141  175  216	RAL 260 70 25
193  199  207	RAL 260 80 05
188  200  217	RAL 260 80 10
182  201  226	RAL 260 80 15
221  227  236	RAL 260 90 05
31  49  78	RAL 270 20 20
23  50  85	RAL 270 20 25
12  50  91	RAL 270 20 29
60  71  94	RAL 270 30 15
55  72  102	RAL 270 30 20
49  72  110	RAL 270 30 25
40  72  117	RAL 270 30 30
29  73  125	RAL 270 30 35
5  73  133	RAL 270 30 40
84  95  119	RAL 270 40 15
79  95  127	RAL 270 40 20
73  95  135	RAL 270 40 25
67  96  143	RAL 270 40 30
58  96  152	RAL 270 40 35
48  96  160	RAL 270 40 40
112  119  136	RAL 270 50 10
108  120  144	RAL 270 50 15
104  120  153	RAL 270 50 20
99  120  161	RAL 270 50 25
93  120  170	RAL 270 50 30
86  121  179	RAL 270 50 35
77  121  187	RAL 270 50 40
138  145  162	RAL 270 60 10
134  145  171	RAL 270 60 15
129  146  180	RAL 270 60 20
124  146  188	RAL 270 60 25
119  146  197	RAL 270 60 30
112  146  206	RAL 270 60 35
164  172  189	RAL 270 70 10
160  172  198	RAL 270 70 15
156  172  207	RAL 270 70 20
160  172  198	RAL 270 70 25
191  199  217	RAL 270 80 10
187  199  226	RAL 270 80 15
223  227  236	RAL 270 90 05
43  48  70	RAL 280 20 15
39  48  77	RAL 280 20 20
35  47  85	RAL 280 20 25
29  47  92	RAL 280 20 30
69  70  78	RAL 280 30 05
67  70  86	RAL 280 30 10
65  70  94	RAL 280 30 15
62  70  101	RAL 280 30 20
59  70  109	RAL 280 30 25
55  69  117	RAL 280 30 30
49  69  125	RAL 280 30 35
42  69  133	RAL 280 30 40
93  94  102	RAL 280 40 05
91  94  110	RAL 280 40 10
89  94  118	RAL 280 40 15
86  93  126	RAL 280 40 20
83  93  135	RAL 280 40 25
79  93  143	RAL 280 40 30
75  93  151	RAL 280 40 35
70  93  159	RAL 280 40 40
64  93  167	RAL 280 40 45
117  119  127	RAL 280 50 05
116  118  136	RAL 280 50 10
113  118  144	RAL 280 50 15
111  118  152	RAL 280 50 20
108  118  161	RAL 280 50 25
105  118  169	RAL 280 50 30
101  117  178	RAL 280 50 35
97  117  186	RAL 280 50 40
143  144  153	RAL 280 60 05
141  144  162	RAL 280 60 10
139  144  171	RAL 280 60 15
137  143  179	RAL 280 60 20
134  143  188	RAL 280 60 25
131  143  197	RAL 280 60 30
127  143  205	RAL 280 60 35
169  171  180	RAL 280 70 05
168  170  189	RAL 280 70 10
166  170  198	RAL 280 70 15
163  170  207	RAL 280 70 20
161  170  216	RAL 280 70 25
197  198  208	RAL 280 80 05
195  198  217	RAL 280 80 10
193  197  226	RAL 280 80 15
225  226  236	RAL 280 90 05
48  47  62	RAL 290 20 10
46  46  76	RAL 290 20 20
45  45  83	RAL 290 20 25
43  44  90	RAL 290 20 30
40  44  97	RAL 290 20 35
70  69  93	RAL 290 30 15
69  68  100	RAL 290 30 20
68  67  107	RAL 290 30 25
67  67  115	RAL 290 30 30
65  66  122	RAL 290 30 35
62  65  130	RAL 290 30 40
94  93  110	RAL 290 40 10
94  92  117	RAL 290 40 15
93  91  125	RAL 290 40 20
92  91  133	RAL 290 40 25
91  90  141	RAL 290 40 30
90  89  148	RAL 290 40 35
88  88  156	RAL 290 40 40
85  88  164	RAL 290 40 45
119  117  135	RAL 290 50 10
119  117  143	RAL 290 50 15
118  116  151	RAL 290 50 20
118  115  159	RAL 290 50 25
117  114  167	RAL 290 50 30
115  114  175	RAL 290 50 35
114  113  183	RAL 290 50 40
145  143  161	RAL 290 60 10
144  142  169	RAL 290 60 15
144  141  178	RAL 290 60 20
143  141  186	RAL 290 60 25
143  140  194	RAL 290 60 30
142  139  203	RAL 290 60 35
171  169  188	RAL 290 70 10
171  169  197	RAL 290 70 15
171  168  205	RAL 290 70 20
170  167  214	RAL 290 70 25
199  197  216	RAL 290 80 10
198  196  225	RAL 290 80 15
227  225  235	RAL 290 90 05
232  231  241	RAL 290 92 05
50  47  55	RAL 300 20 05
52  45  67	RAL 300 20 15
53  44  74	RAL 300 20 20
53  43  80	RAL 300 20 25
54  41  87	RAL 300 20 30
72  70  77	RAL 300 30 05
74  68  84	RAL 300 30 10
75  67  91	RAL 300 30 15
76  66  98	RAL 300 30 20
77  65  105	RAL 300 30 25
77  63  111	RAL 300 30 30
78  62  118	RAL 300 30 35
78  61  125	RAL 300 30 40
96  93  101	RAL 300 40 05
97  92  108	RAL 300 40 10
99  91  116	RAL 300 40 15
100  89  123	RAL 300 40 20
101  88  130	RAL 300 40 25
102  87  137	RAL 300 40 30
102  85  144	RAL 300 40 35
103  84  151	RAL 300 40 40
103  83  159	RAL 300 40 45
121  118  126	RAL 300 50 05
122  116  134	RAL 300 50 10
124  115  141	RAL 300 50 15
125  114  149	RAL 300 50 20
126  113  156	RAL 300 50 25
127  111  163	RAL 300 50 30
128  110  171	RAL 300 50 35
129  108  178	RAL 300 50 40
146  143  152	RAL 300 60 05
148  142  160	RAL 300 60 10
150  141  168	RAL 300 60 15
151  139  175	RAL 300 60 20
152  138  183	RAL 300 60 25
154  137  191	RAL 300 60 30
155  135  198	RAL 300 60 35
173  170  179	RAL 300 70 05
175  168  187	RAL 300 70 10
176  167  195	RAL 300 70 15
178  166  203	RAL 300 70 20
179  164  211	RAL 300 70 25
200  197  206	RAL 300 80 05
202  196  215	RAL 300 80 10
204  194  223	RAL 300 80 15
228  225  235	RAL 300 90 05
58  42  71	RAL 310 20 20
61  40  77	RAL 310 20 25
62  38  82	RAL 310 20 30
79  66  89	RAL 310 30 15
82  64  95	RAL 310 30 20
84  62  101	RAL 310 30 25
86  60  107	RAL 310 30 30
89  58  113	RAL 310 30 35
91  56  119	RAL 310 30 40
100  91  107	RAL 310 40 10
103  89  113	RAL 310 40 15
106  87  120	RAL 310 40 20
109  86  126	RAL 310 40 25
111  84  132	RAL 310 40 30
114  82  139	RAL 310 40 35
116  79  145	RAL 310 40 40
125  116  132	RAL 310 50 10
129  114  139	RAL 310 50 15
131  112  145	RAL 310 50 20
134  110  152	RAL 310 50 25
137  108  158	RAL 310 50 30
140  106  165	RAL 310 50 35
142  104  172	RAL 310 50 40
151  141  158	RAL 310 60 10
155  139  165	RAL 310 60 15
158  137  172	RAL 310 60 20
161  135  179	RAL 310 60 25
164  133  186	RAL 310 60 30
166  131  192	RAL 310 60 35
178  167  185	RAL 310 70 10
181  166  192	RAL 310 70 15
185  164  199	RAL 310 70 20
188  162  206	RAL 310 70 25
206  195  213	RAL 310 80 10
209  193  220	RAL 310 80 15
230  224  234	RAL 310 90 05
56  45  58	RAL 320 20 10
60  42  63	RAL 320 20 15
63  40  67	RAL 320 20 20
67  37  72	RAL 320 20 25
75  69  76	RAL 320 30 05
79  67  81	RAL 320 30 10
83  65  86	RAL 320 30 15
87  62  91	RAL 320 30 20
91  60  96	RAL 320 30 25
94  57  101	RAL 320 30 30
98  54  106	RAL 320 30 35
99  53  108	RAL 320 30 37
99  92  100	RAL 320 40 05
103  90  105	RAL 320 40 10
107  88  110	RAL 320 40 15
112  86  116	RAL 320 40 20
116  83  121	RAL 320 40 25
119  81  126	RAL 320 40 30
123  78  132	RAL 320 40 35
127  75  137	RAL 320 40 40
124  117  125	RAL 320 50 05
128  115  130	RAL 320 50 10
133  113  136	RAL 320 50 15
137  110  141	RAL 320 50 20
141  108  147	RAL 320 50 25
146  105  152	RAL 320 50 30
150  102  158	RAL 320 50 35
153  100  162	RAL 320 50 39
150  142  150	RAL 320 60 05
154  140  156	RAL 320 60 10
159  138  162	RAL 320 60 15
164  136  168	RAL 320 60 20
168  133  173	RAL 320 60 25
172  131  179	RAL 320 60 30
177  128  185	RAL 320 60 35
176  169  177	RAL 320 70 05
181  167  183	RAL 320 70 10
186  164  189	RAL 320 70 15
191  162  195	RAL 320 70 20
195  159  201	RAL 320 70 25
204  196  204	RAL 320 80 05
209  194  211	RAL 320 80 10
214  191  217	RAL 320 80 15
232  224  233	RAL 320 90 05
67  38  63	RAL 330 20 20
72  35  67	RAL 330 20 25
86  64  83	RAL 330 30 15
91  61  87	RAL 330 30 20
96  58  91	RAL 330 30 25
101  54  95	RAL 330 30 30
105  50  99	RAL 330 30 35
110  46  103	RAL 330 30 40
106  90  103	RAL 330 40 10
111  87  107	RAL 330 40 15
116  84  111	RAL 330 40 20
121  81  115	RAL 330 40 25
126  78  119	RAL 330 40 30
131  74  124	RAL 330 40 35
136  71  128	RAL 330 40 40
141  66  132	RAL 330 40 45
131  114  128	RAL 330 50 10
137  111  132	RAL 330 50 15
142  109  136	RAL 330 50 20
147  106  141	RAL 330 50 25
153  103  145	RAL 330 50 30
158  99  150	RAL 330 50 35
163  96  154	RAL 330 50 40
157  140  154	RAL 330 60 10
163  137  158	RAL 330 60 15
169  134  163	RAL 330 60 20
174  131  167	RAL 330 60 25
180  128  172	RAL 330 60 30
185  125  176	RAL 330 60 35
191  121  181	RAL 330 60 40
184  166  180	RAL 330 70 10
190  163  185	RAL 330 70 15
196  160  190	RAL 330 70 20
202  157  195	RAL 330 70 25
208  154  199	RAL 330 70 30
212  193  208	RAL 330 80 10
218  190  213	RAL 330 80 15
224  187  218	RAL 330 80 20
233  224  231	RAL 330 90 05
54  46  51	RAL 340 20 05
65  41  56	RAL 340 20 15
71  37  59	RAL 340 20 20
76  33  61	RAL 340 20 25
77  68  73	RAL 340 30 05
83  66  76	RAL 340 30 10
89  63  79	RAL 340 30 15
95  60  82	RAL 340 30 20
100  56  85	RAL 340 30 25
106  52  87	RAL 340 30 30
111  47  90	RAL 340 30 35
114  44  92	RAL 340 30 40
101  92  97	RAL 340 40 05
108  89  100	RAL 340 40 10
114  86  103	RAL 340 40 15
120  83  106	RAL 340 40 20
126  80  109	RAL 340 40 25
132  76  112	RAL 340 40 30
138  72  115	RAL 340 40 35
143  67  118	RAL 340 40 40
149  62  121	RAL 340 40 45
126  116  122	RAL 340 50 05
133  114  125	RAL 340 50 10
140  111  128	RAL 340 50 15
146  107  131	RAL 340 50 20
152  104  134	RAL 340 50 25
159  100  137	RAL 340 50 30
165  97  140	RAL 340 50 35
171  92  143	RAL 340 50 40
176  88  147	RAL 340 50 45
152  142  148	RAL 340 60 05
159  139  151	RAL 340 60 10
166  136  154	RAL 340 60 15
173  133  157	RAL 340 60 20
180  130  160	RAL 340 60 25
186  126  164	RAL 340 60 30
192  122  167	RAL 340 60 35
199  118  170	RAL 340 60 40
179  168  174	RAL 340 70 05
186  165  178	RAL 340 70 10
193  162  181	RAL 340 70 15
200  159  184	RAL 340 70 20
207  156  187	RAL 340 70 25
214  152  191	RAL 340 70 30
221  149  194	RAL 340 70 35
206  196  202	RAL 340 80 05
214  193  205	RAL 340 80 10
221  189  208	RAL 340 80 15
229  186  212	RAL 340 80 20
234  223  230	RAL 340 90 05
240  229  236	RAL 340 92 05
61  43  51	RAL 350 20 10
73  36  54	RAL 350 20 20
79  32  55	RAL 350 20 25
84  27  57	RAL 350 20 30
91  62  75	RAL 350 30 15
98  59  77	RAL 350 30 20
104  55  78	RAL 350 30 25
110  50  80	RAL 350 30 30
115  45  81	RAL 350 30 35
121  39  83	RAL 350 30 40
109  89  97	RAL 350 40 10
116  86  99	RAL 350 40 15
123  82  101	RAL 350 40 20
129  78  102	RAL 350 40 25
136  74  104	RAL 350 40 30
142  70  105	RAL 350 40 35
148  65  107	RAL 350 40 40
154  59  109	RAL 350 40 45
160  52  110	RAL 350 40 50
135  113  122	RAL 350 50 10
142  110  124	RAL 350 50 15
149  107  126	RAL 350 50 20
156  103  127	RAL 350 50 25
163  99  129	RAL 350 50 30
170  95  131	RAL 350 50 35
176  90  132	RAL 350 50 40
182  85  134	RAL 350 50 45
189  79  136	RAL 350 50 50
161  139  148	RAL 350 60 10
169  135  150	RAL 350 60 15
176  132  151	RAL 350 60 20
183  128  153	RAL 350 60 25
191  125  155	RAL 350 60 30
198  120  157	RAL 350 60 35
204  116  158	RAL 350 60 40
211  111  160	RAL 350 60 45
188  165  175	RAL 350 70 10
196  162  176	RAL 350 70 15
204  158  178	RAL 350 70 20
211  155  180	RAL 350 70 25
219  151  182	RAL 350 70 30
226  147  184	RAL 350 70 35
216  192  202	RAL 350 80 10
224  189  204	RAL 350 80 15
232  185  206	RAL 350 80 20
235  223  228	RAL 350 90 05
69  40  49	RAL 360 20 15
78  68  71	RAL 360 30 05
86  65  71	RAL 360 30 10
93  62  71	RAL 360 30 15
99  58  71	RAL 360 30 20
106  54  72	RAL 360 30 25
112  50  72	RAL 360 30 30
118  44  72	RAL 360 30 35
124  38  72	RAL 360 30 40
102  91  94	RAL 360 40 05
110  89  95	RAL 360 40 10
118  85  95	RAL 360 40 15
125  82  95	RAL 360 40 20
132  78  95	RAL 360 40 25
138  74  96	RAL 360 40 30
145  69  96	RAL 360 40 35
151  64  96	RAL 360 40 40
158  57  96	RAL 360 40 45
164  50  97	RAL 360 40 50
128  116  119	RAL 360 50 05
136  113  119	RAL 360 50 10
144  110  120	RAL 360 50 15
151  106  120	RAL 360 50 20
158  102  120	RAL 360 50 25
166  98  120	RAL 360 50 30
173  94  121	RAL 360 50 35
179  89  121	RAL 360 50 40
186  84  121	RAL 360 50 45
193  78  121	RAL 360 50 50
153  142  145	RAL 360 60 05
162  139  145	RAL 360 60 10
170  135  145	RAL 360 60 15
178  132  145	RAL 360 60 20
186  128  146	RAL 360 60 25
180  168  171	RAL 360 70 05
189  165  171	RAL 360 70 10
198  162  172	RAL 360 70 15
208  195  199	RAL 360 80 05
217  192  199	RAL 360 80 10
236  223  227	RAL 360 90 05
242  229  232	RAL 360 92 05
